ego,alter,weight
1,10,199
1,25,1878
1,43,659
4,25,197
4,26,133
4,43,412
4,44,74
6,28,215
6,32,439
6,42,379
6,44,233
6,51,1026
7,22,307
7,33,239
7,40,524
8,21,371
8,39,274
9,21,5590
9,47,3413
10,1,2003
10,11,3812
10,19,376
10,25,560
10,33,129
10,44,146
11,1,6626
11,10,458
11,19,142
11,25,342
11,34,297
11,41,6449
11,43,3510
11,44,50
14,4,74
14,15,5355
14,16,288
14,18,325
14,23,108
14,26,14218
14,43,224
14,50,1542
15,14,230
15,18,1122
15,23,55
15,36,68
15,43,80
17,4,133
17,26,9658
17,37,444
17,44,289
18,15,988
18,43,525
19,1,60
19,4,538
19,25,693
19,44,2506
20,30,238
23,15,883
23,36,2884
24,16,183
24,35,176
24,42,367
24,50,1957
25,1,252
25,19,615
26,14,331
27,35,50
27,51,235
28,16,579
28,42,132
29,3,512
29,5,267
29,45,359
31,8,344
31,33,723
31,39,2851
33,7,510
33,31,3003
33,39,1449
34,11,369
34,41,12139
34,43,437
34,47,1621
35,24,761
35,42,107
36,15,763
36,18,2151
36,23,59
36,39,231
37,4,442
37,26,164
37,44,578
38,48,1962
39,8,2385
39,21,52
39,31,1131
39,36,1388
39,49,1063
40,22,962
41,11,220
41,34,443
42,16,52
43,4,732
43,18,721
43,25,1939
43,47,257
44,19,1996
44,32,273
44,37,233
45,13,147
45,51,50
46,30,417
46,33,161
47,9,301
47,21,1029
47,34,928
47,49,208
48,2,240
48,13,1141
48,38,742
49,18,227
49,36,237
50,14,262
