"State","Within","Per","In","Percentage","Ban","Tban","Incomplete","location","lat","lon"
"AL",15262,24203,17998,0.0254782098828463,1,0,0,"Alabama",32.688053,-86.810585
"AK",3702,3942,3702,0.0269866914946054,0,0,0,"Alaska",28.12768,-117.98177
"AZ",38551,39063,38551,0.0290266346848333,1,0,0,"Arizona",34.255149,-111.62621
"AR",8137,10056,8953,0.0174145852346622,1,0,0,"Arkansas",34.755883,-92.640559
"CA",0,267,0,3.29441238047576E-05,0,0,1,"California",36.531544,-119.58617
"CO",24453,24453,26745,0.0214925137003459,0,0,0,"Colorado",38.996664,-105.54782
"CT",26397,26907,27467,0.0399837134760584,0,0,0,"Connecticut",41.580163,-72.756629
"DE",5278,8007,5923,0.0443987290884592,0,0,0,"Delaware",38.978849,-75.46014
"DC",4367,4668,13370,0.0250343229792346,0,0,0,"District of Columbia",38.912097,-77.014683
"FL",208124,208781,215150,0.0545376559578016,1,0,0,"Florida",27.97762,-81.769611
"GA",89889,94290,107763,0.043908933551706,1,0,0,"Georgia",32.53951,-83.380775
"HI",5815,5815,5815,0.0218671500127856,0,0,0,"Hawaii",24.200987,-104.31399
"ID",4212,5500,4212,0.0167203237054669,1,0,0,"Idaho",43.764877,-114.96427
"IL",111643,112466,133777,0.0444173778557654,0,0,0,"Illinois",40.265028,-89.191575
"IN",21654,29643,23209,0.0228793583313652,1,0,0,"Indiana",39.904493,-86.250281
"IA",9002,10104,9002,0.0170595564920527,1,0,0,"Iowa",42.039943,-93.500069
"KS",10620,10620,21144,0.0190116110460682,1,0,0,"Kansas",38.500327,-98.380429
"KY",9222,13768,10735,0.0162268171489454,1,0,0,"Kentucky",37.696825,-84.924095
"LA",19781,22910,23578,0.0244737241295323,1,0,0,"Louisiana",30.542601,-92.51441
"ME",5696,5696,5934,0.0246010322413458,0,0,0,"Maine",45.243327,-69.171071
"MD",0,7042,0,0.00590135139438492,0,0,1,"Maryland",39.038828,-76.346717
"MA",50955,52224,50955,0.037793853288291,0,0,0,"Massachusetts",42.358752,-71.531484
"MI",79504,79726,83271,0.0425364589835768,0,0,0,"Michigan",43.924812,-84.633107
"MN",27318,28079,30001,0.0263206243684419,0,0,0,"Minnesota",46.63636,-94.579641
"MS",8746,14355,9613,0.0242588011031798,1,0,0,"Mississippi",32.921921,-89.687118
"MO",4122,28295,4453,0.0241471272215229,1,0,0,"Missouri",38.353141,-92.747022
"MT",4397,4397,4682,0.023131270089274,0,0,0,"Montana",47.001265,-109.64541
"NE",5637,5852,6348,0.015808867229288,1,0,0,"Nebraska",41.499671,-99.810075
"NV",24430,24430,25568,0.0414665899458371,0,0,0,"Nevada",39.440688,-116.59857
"NH",0,655,0,0.00271394595311296,0,0,1,"New Hampshire",43.644386,-71.586283
"NJ",63846,67980,67764,0.0396356412921989,0,0,0,"New Jersey",39.66502,-74.738208
"NM",8299,9011,8299,0.0227961526590873,0,0,0,"New Mexico",34.498624,-106.10828
"NY",206502,207754,211464,0.051924830788295,0,0,0,"New York",42.165726,-74.948051
"NC",70037,71705,84603,0.0355563687825942,1,0,0,"North Carolina",35.387362,-78.455056
"ND",2500,2726,3368,0.0186352387853598,1,0,0,"North Dakota",47.471495,-100.4691
"OH",57564,62141,60768,0.0282037956959722,1,0,0,"Ohio",40.262259,-82.883453
"OK",12150,12827,13334,0.0166855067505603,1,0,0,"Oklahoma",35.455622,-97.508021
"OR",22119,22861,24081,0.0282095609693497,0,0,0,"Oregon",43.854178,-120.52671
"PA",87015,91820,93034,0.0385196086286944,0,0,0,"Pennsylvania",40.860198,-77.838617
"RI",6437,6961,7399,0.0332947501339252,0,0,0,"Rhode Island",41.587536,-71.514739
"SC",14398,32986,15061,0.0341574643990291,1,0,0,"South Carolina",33.702857,-80.627523
"SD",735,1720,787,0.0108261893072498,1,0,0,"South Dakota",45,-100.4691
"TN",16695,22542,20344,0.0171746346904459,1,0,0,"Tennessee",35.820245,-86.343764
"TX",163802,167678,166304,0.0284882994908981,1,0,0,"Texas",31.030974,-98.326329
"UT",7915,8274,8112,0.0122555263921887,1,0,0,"Utah",39.098999,-111.87882
"VT",2930,2930,3508,0.0257347128778963,0,0,0,"Vermont",44.211857,-72.681238
"VA",44705,49996,47171,0.0297388482293263,0,0,0,"Virginia",37.73086,-78.376655
"WA",48764,50726,50887,0.0346310711559757,0,0,0,"Washington",47.372269,-120.59234
"WV",3163,4434,3627,0.0137593327002923,1,0,0,"West Virginia",38,-81.5
"WI",18750,22249,19012,0.0205283354508456,1,0,0,"Wisconsin",44.356004,-89.466198
"WY",67,1378,67,0.0127900501206609,0,0,1,"Wyoming",43.001645,-107.55153
